id,x,y,sph,dk,ir,ps
GDS_deep2_5510,656.0,66.0,0.4,0.6,0.0,0.0
GDS_deep2_5526,106.0,5.0,0.0,0.9,0.1,0.0
GDS_deep2_5540,680.0,6.0,0.0,1.0,0.0,0.0
GDS_deep2_5594,146.0,85.0,0.0,0.4,0.6,0.0
GDS_deep2_5642,436.0,120.0,0.0,0.8888888888888891,0.11111111111111112,0.0
GDS_deep2_5653,137.0,124.0,0.1,0.9,0.0,0.0
GDS_deep2_5692,916.0,81.0,0.0,0.7,0.3,0.0
GDS_deep2_5727,559.0,205.0,0.0,0.5,0.5,0.0
GDS_deep2_5738,139.0,208.0,0.7,0.3,0.0,0.0
GDS_deep2_5808,185.0,234.0,0.33333333333333337,0.0,0.0,0.6666666666666667
GDS_deep2_5816,138.0,251.0,0.0,0.0,1.0,0.0
GDS_deep2_5854,814.0,311.0,0.0,0.0,0.0,1.0
GDS_deep2_5869,989.0,307.0,0.0,0.1,0.9,0.0
GDS_deep2_5961,903.0,365.0,0.9,0.0,0.0,0.1
GDS_deep2_5965,513.0,358.0,0.44,0.5599999999999999,0.0,0.0
GDS_deep2_5975,223.0,406.0,0.0,0.8214285714285714,0.17857142857142858,0.0
GDS_deep2_5986,132.0,392.0,0.6,0.0,0.0,0.4
GDS_deep2_6019,326.0,442.0,0.0,0.68,0.32,0.0
GDS_deep2_6035,855.0,412.0,0.0,0.0,0.0,1.0
GDS_deep2_6056,960.0,478.0,0.0,0.22222222222222227,0.7777777777777778,0.0
GDS_deep2_6118,136.0,500.0,1.0,0.0,0.0,0.0
GDS_deep2_6123,159.0,523.0,0.0,0.5555555555555556,0.4444444444444445,0.0
GDS_deep2_6140,502.0,519.0,0.5,0.5,0.0,0.0
GDS_deep2_6227,901.0,597.0,0.7,0.3,0.0,0.0
GDS_deep2_6247,129.0,524.0,0.3,0.7,0.0,0.0
GDS_deep2_6267,853.0,619.0,0.9,0.1,0.0,0.0
GDS_deep2_6289,670.0,653.0,0.0,0.7,0.3,0.0
GDS_deep2_6291,108.0,559.0,0.0,1.0,0.0,0.0
GDS_deep2_6323,300.0,676.0,0.0,0.7777777777777778,0.22222222222222227,0.0
GDS_deep2_6328,281.0,690.0,0.375,0.625,0.0,0.0
GDS_deep2_6332,810.0,688.0,0.33333333333333337,0.6666666666666667,0.0,0.0
GDS_deep2_6349,454.0,668.0,0.6666666666666667,0.0,0.0,0.33333333333333337
GDS_deep2_6362,710.0,711.0,0.0,0.11111111111111112,0.0,0.8888888888888891
GDS_deep2_6402,206.0,717.0,0.375,0.0,0.625,0.0
GDS_deep2_6509,693.0,852.0,0.0,0.7,0.3,0.0
GDS_deep2_6548,401.0,805.0,0.0,0.7777777777777778,0.22222222222222227,0.0
GDS_deep2_6550,407.0,875.0,0.5,0.5,0.0,0.0
GDS_deep2_6635,810.0,961.0,0.7,0.3,0.0,0.0
